> LP2_neu <- build_LP_from_incidences( relation_incidence(R_complete),
+                                as.character(relation_domain(R_int)[[ 1L ]]),
+                                tmp2)
> LP2_neu
$c
 [1] 0 0 0 0 0 0 0 0 0 0 0 0 0 0 0 1

$A
     Citation frequency Impact factor Immediacy index                        
             0.12505891    -0.1255755      0.00000000 -1  0  0  0  0  0  0  0
             0.26436503     0.3288883      0.64362530  0 -1  0  0  0  0  0  0
JroR         1.24583999     1.9386473      0.73212378  0  0 -1  0  0  0  0  0
JoAR         0.98147496     1.6097589      0.08849848  0  0  0 -1  0  0  0  0
             0.03482653     0.6852837      2.67909031  0  0  0  0 -1  0  0  0
JroR         2.15607886     1.5033187      1.25506934  0  0  0  0  0 -1  0  0
JoAR         1.89171383     1.1744304      0.61144404  0  0  0  0  0  0 -1  0
MrkS         2.12125233     0.8180350     -1.42402098  0  0  0  0  0  0  0 -1
JroR         2.06268044     2.5988158      1.96305717  0  0  0  0  0  0  0  0
JoAR         1.79831541     2.2699275      1.31943187  0  0  0  0  0  0  0  0
JroM         0.81684045     0.6601686      1.23093339  0  0  0  0  0  0  0  0
JoMR        -0.09339842     1.0954972      0.70798783  0  0  0  0  0  0  0  0
             1.00000000     1.0000000      1.00000000  0  0  0  0  0  0  0  0
             0.00000000     0.0000000      0.00000000  1  0  0  0  0  0  0  0
             0.00000000     0.0000000      0.00000000  0  1  0  0  0  0  0  0
             0.00000000     0.0000000      0.00000000  0  0  1  0  0  0  0  0
             0.00000000     0.0000000      0.00000000  0  0  0  1  0  0  0  0
             0.00000000     0.0000000      0.00000000  0  0  0  0  1  0  0  0
             0.00000000     0.0000000      0.00000000  0  0  0  0  0  1  0  0
             0.00000000     0.0000000      0.00000000  0  0  0  0  0  0  1  0
             0.00000000     0.0000000      0.00000000  0  0  0  0  0  0  0  1
             0.00000000     0.0000000      0.00000000  0  0  0  0  0  0  0  0
             0.00000000     0.0000000      0.00000000  0  0  0  0  0  0  0  0
             0.00000000     0.0000000      0.00000000  0  0  0  0  0  0  0  0
             0.00000000     0.0000000      0.00000000  0  0  0  0  0  0  0  0
                   
      0  0  0  0  0
      0  0  0  0  0
JroR  0  0  0  0  0
JoAR  0  0  0  0  0
      0  0  0  0  0
JroR  0  0  0  0  0
JoAR  0  0  0  0  0
MrkS  0  0  0  0  0
JroR -1  0  0  0  0
JoAR  0 -1  0  0  0
JroM  0  0 -1  0  0
JoMR  0  0  0 -1  0
      0  0  0  0  0
      0  0  0  0 -1
      0  0  0  0 -1
      0  0  0  0 -1
      0  0  0  0 -1
      0  0  0  0 -1
      0  0  0  0 -1
      0  0  0  0 -1
      0  0  0  0 -1
      1  0  0  0 -1
      0  1  0  0 -1
      0  0  1  0 -1
      0  0  0  1 -1

$dir
 [1] "==" "==" "==" "==" "==" "==" "==" "==" "==" "==" "==" "==" "==" "<=" "<="
[16] "<=" "<=" "<=" "<=" "<=" "<=" "<=" "<=" "<=" "<="

$b
 [1] 0 0 0 0 0 0 0 0 0 0 0 0 1 0 0 0 0 0 0 0 0 0 0 0 0

> Rglpk_solve_LP(c(1, rep(0, ncol(LP$A) - 1)), LP2_neu$A, LP2_neu$dir, LP2_neu$b, max = TRUE, verbose = TRUE)
glp_load_matrix: ja[57] = 13; column index out of range
Error detected in file glpapi01.c at line 910

Process R aborted at Thu Jul 24 15:56:52 2008

